DLPOLY
UNITS kcal
MOLECULES 3
TFSI_ion
NUMMOL 18
ATOMS           15
C         12.0107000   0.3190000       1
F         18.9984000  -0.1380000       1
F         18.9984000  -0.1380000       1
F         18.9984000  -0.1380000       1
S         32.0650000   0.9110000       1
O         15.9990000  -0.4610000       1
O         15.9990000  -0.4610000       1
N         14.0067000  -0.5880000       1
S         32.0650000   0.9110000       1
O         15.9990000  -0.4610000       1
O         15.9990000  -0.4610000       1
C         12.0107000   0.3190000       1
F         18.9984000  -0.1380000       1
F         18.9984000  -0.1380000       1
F         18.9984000  -0.1380000       1
BONDS             14
harm       5       6     985.992800       1.466000       0.000000       0.000000
harm       5       7     985.992800       1.466000       0.000000       0.000000
harm       9      10     985.992800       1.466000       0.000000       0.000000
harm       9      11     985.992800       1.466000       0.000000       0.000000
harm       1       2     727.594400       1.344000       0.000000       0.000000
harm       1       3     727.594400       1.344000       0.000000       0.000000
harm       1       4     727.594400       1.344000       0.000000       0.000000
harm      12      13     727.594400       1.344000       0.000000       0.000000
harm      12      14     727.594400       1.344000       0.000000       0.000000
harm      12      15     727.594400       1.344000       0.000000       0.000000
harm       1       5     497.795400       1.782000       0.000000       0.000000
harm       9      12     497.795400       1.782000       0.000000       0.000000
harm       5       8     514.197800       1.752000       0.000000       0.000000
harm       8       9     514.197800       1.752000       0.000000       0.000000
ANGLES            25
harm       1       5       6      82.559800     108.480000       0.000000       0.000000
harm       1       5       7      82.559800     108.480000       0.000000       0.000000
harm      12       9      10      82.559800     108.480000       0.000000       0.000000
harm      12       9      11      82.559800     108.480000       0.000000       0.000000
harm       6       5       7      90.600000     121.880000       0.000000       0.000000
harm      10       9      11      90.600000     121.880000       0.000000       0.000000
harm       8       5       6      86.200400     107.060000       0.000000       0.000000
harm       8       5       7      86.200400     107.060000       0.000000       0.000000
harm       8       9      10      86.200400     107.060000       0.000000       0.000000
harm       8       9      11      86.200400     107.060000       0.000000       0.000000
harm       2       1       5     162.427000     109.670000       0.000000       0.000000
harm       3       1       5     162.427000     109.670000       0.000000       0.000000
harm       4       1       5     162.427000     109.670000       0.000000       0.000000
harm      13      12       9     162.427000     109.670000       0.000000       0.000000
harm      14      12       9     162.427000     109.670000       0.000000       0.000000
harm      15      12       9     162.427000     109.670000       0.000000       0.000000
harm       2       1       3     142.517400     107.160000       0.000000       0.000000
harm       2       1       4     142.517400     107.160000       0.000000       0.000000
harm       3       1       4     142.517400     107.160000       0.000000       0.000000
harm      13      12      14     142.517400     107.160000       0.000000       0.000000
harm      13      12      15     142.517400     107.160000       0.000000       0.000000
harm      14      12      15     142.517400     107.160000       0.000000       0.000000
harm       1       5       8      78.839800     103.120000       0.000000       0.000000
harm      12       9       8      78.839800     103.120000       0.000000       0.000000
harm       5       8       9     219.438000     119.180000       0.000000       0.000000
DIHEDRALS         30
cos        2       1       5       6       0.143992       0.000000       3.000000       0.000000       0.000000
cos        2       1       5       7       0.143992       0.000000       3.000000       0.000000       0.000000
cos        3       1       5       6       0.143992       0.000000       3.000000       0.000000       0.000000
cos        3       1       5       7       0.143992       0.000000       3.000000       0.000000       0.000000
cos        4       1       5       6       0.143992       0.000000       3.000000       0.000000       0.000000
cos        4       1       5       7       0.143992       0.000000       3.000000       0.000000       0.000000
cos       13      12       9      10       0.143992       0.000000       3.000000       0.000000       0.000000
cos       13      12       9      11       0.143992       0.000000       3.000000       0.000000       0.000000
cos       14      12       9      10       0.143992       0.000000       3.000000       0.000000       0.000000
cos       14      12       9      11       0.143992       0.000000       3.000000       0.000000       0.000000
cos       15      12       9      10       0.143992       0.000000       3.000000       0.000000       0.000000
cos       15      12       9      11       0.143992       0.000000       3.000000       0.000000       0.000000
cos        9       8       5       6       0.499997     180.000000       3.000000       0.000000       0.000000
cos        9       8       5       7       0.499997     180.000000       3.000000       0.000000       0.000000
cos        5       8       9      10       0.499997     180.000000       3.000000       0.000000       0.000000
cos        5       8       9      11       0.499997     180.000000       3.000000       0.000000       0.000000
cos        9       8       5       6       6.799951     180.000000       1.000000       0.000000       0.000000
cos        9       8       5       7       6.799951     180.000000       1.000000       0.000000       0.000000
cos        5       8       9      10       6.799951     180.000000       1.000000       0.000000       0.000000
cos        5       8       9      11       6.799951     180.000000       1.000000       0.000000       0.000000
cos        2       1       5       8       0.143992       0.000000       3.000000       0.000000       0.000000
cos        3       1       5       8       0.143992       0.000000       3.000000       0.000000       0.000000
cos        4       1       5       8       0.143992       0.000000       3.000000       0.000000       0.000000
cos       13      12       9       8       0.143992       0.000000       3.000000       0.000000       0.000000
cos       14      12       9       8       0.143992       0.000000       3.000000       0.000000       0.000000
cos       15      12       9       8       0.143992       0.000000       3.000000       0.000000       0.000000
cos        9       8       5       1       0.499997     180.000000       3.000000       0.000000       0.000000
cos        5       8       9      12       0.499997     180.000000       3.000000       0.000000       0.000000
cos        9       8       5       1       6.799951     180.000000       1.000000       0.000000       0.000000
cos        5       8       9      12       6.799951     180.000000       1.000000       0.000000       0.000000
FINISH
Li_ion
nummols  18
atoms    1
Li        6.941       0.8000         1 
FINISH
qTIP4P/f H2O
nummols    200
atoms      4
OW       15.9949    0.000000    0.000       0.000       1
HW        1.0079    0.556400    0.000       0.000       1
HW        1.0079    0.556400    0.000       0.000       1
MW        0.0000   -1.112800    0.000       0.000       1
bonds            2
quar    1    2  1214.388 0.9419 -4165.956 7410.388 
quar    1    3  1214.388 0.9419 -4165.956 7410.388 
voids            3
qtp4    1    4
qtp4    2    4
qtp4    3    4
angles           1
harm    2    1    3       87.85        107.4
FINISH
VDW               28
O       O       lj      0.210000    2.960000
O       F       lj      0.113181    3.039000
O       C       lj      0.151987    3.180000
O       S       lj      0.229129    3.262000
O       N       lj      0.188944    3.105000
O       Li      lj      0.061482    2.543220
O       OW      lj      0.295816    3.212423
F       F       lj      0.061000    3.118000
F       C       lj      0.081915    3.259000
F       S       lj      0.123491    3.341000
F       N       lj      0.101833    3.184000
F       Li      lj      0.033136    2.622220
F       OW      lj      0.159432    3.295373
C       C       lj      0.110000    3.400000
C       S       lj      0.165831    3.482000
C       N       lj      0.136748    3.325000
C       Li      lj      0.044497    2.763220
C       OW      lj      0.214096    3.443423
S       S       lj      0.250000    3.564000
S       N       lj      0.206155    3.407000
S       Li      lj      0.067082    2.845220
S       OW      lj      0.322761    3.529523
N       N       lj      0.170000    3.250000
N       Li      lj      0.055317    2.688220
N       OW      lj      0.266155    3.364673
Li      Li      lj      0.018000    2.126440
Li      OW      lj      0.057737    2.246269
OW      OW      lj      0.185200    3.158900
CLOSE
